[{"id": 0, "img_name": "000100_0", "width": 1920, "height": 1280, "position": [-5.748568004507496, -5.643004778333842, 1.5323766393710572], "rotation": [[0.000978758082035991, -0.00798637248315211, -0.9999676294196611], [0.9996798615446282, -0.025274121936364437, 0.0011803315039196102], [-0.02528273036541371, -0.9996486565863563, 0.00795907848708975]], "fy": 2071.3932896281076, "fx": 2071.3932896281076}, {"id": 1, "img_name": "000104_0", "width": 1920, "height": 1280, "position": [-16.46041019120769, -5.530587194147701, 1.6387555891040269], "rotation": [[0.007398281346269732, -0.009461555367958086, -0.999927869600173], [0.9994821665168928, -0.031245047576691772, 0.007690631744435186], [-0.03131555919698199, -0.999466970925978, 0.009225496205136331]], "fy": 2071.3932896281076, "fx": 2071.3932896281076}, {"id": 2, "img_name": "000108_0", "width": 1920, "height": 1280, "position": [-27.181448696484555, -5.3365065387669794, 1.7581896536271078], "rotation": [[0.016381452505266268, -0.01120790343428956, -0.9998029960519348], [0.9991645055803063, -0.03726164782193192, 0.016788698283547093], [-0.037442473239349, -0.9992426894914979, 0.01058813937945081]], "fy": 2071.3932896281076, "fx": 2071.3932896281076}, {"id": 3, "img_name": "000112_0", "width": 1920, "height": 1280, "position": [-37.87322374266522, -5.027563745497501, 1.8584225430954306], "rotation": [[0.027014946229937126, -0.009373069174564274, -0.999591085521696], [0.998577162651087, -0.045738274384318184, 0.0274164273392741], [-0.04597654741168021, -0.9989094833019624, 0.00812411579852629]], "fy": 2071.3932896281076, "fx": 2071.3932896281076}, {"id": 4, "img_name": "000116_0", "width": 1920, "height": 1280, "position": [-48.520106578027466, -4.605488361989474, 1.9672066212139825], "rotation": [[0.035962927391056936, -0.011227661860247876, -0.9992900517180271], [0.9979283479789884, -0.0529726128003068, 0.0365091028790868], [-0.053344916846805014, -0.9985328446787624, 0.009299351824011853]], "fy": 2071.3932896281076, "fx": 2071.3932896281076}, {"id": 5, "img_name": "000120_0", "width": 1920, "height": 1280, "position": [-59.135023892356, -4.09272291924321, 2.074101908682579], "rotation": [[0.04687730352644657, -0.011314062356793974, -0.9988365784286616], [0.9973867471249143, -0.054501315142165815, 0.04742660969705255], [-0.05497449475594688, -0.9984495974463413, 0.008729621158301358]], "fy": 2071.3932896281076, "fx": 2071.3932896281076}, {"id": 6, "img_name": "000124_0", "width": 1920, "height": 1280, "position": [-69.72853551863506, -3.4630095022642706, 2.1885829719464684], "rotation": [[0.05985037380379542, -0.01468426942054293, -0.9980993462512292], [0.9967916333368944, -0.05235531642470624, 0.06054222123142947], [-0.053144825384155964, -0.9985205521538624, 0.011503671641427338]], "fy": 2071.3932896281076, "fx": 2071.3932896281076}, {"id": 7, "img_name": "000128_0", "width": 1920, "height": 1280, "position": [-80.33854599692444, -2.6885659100095713, 2.3253516882916507], "rotation": [[0.07470618264970567, -0.015374981024438284, -0.9970870554933539], [0.9959712108424446, -0.04858443302458131, 0.0753717456392965], [-0.04960174842627683, -0.9987007373714001, 0.01168348094012264]], "fy": 2071.3932896281076, "fx": 2071.3932896281076}, {"id": 8, "img_name": "000132_0", "width": 1920, "height": 1280, "position": [-90.96906882403347, -1.7438144328561371, 2.467078581415256], "rotation": [[0.08541631910994443, -0.01751564389527888, -0.9961913745102604], [0.9947750914332745, -0.054612925432211176, 0.08625512065759583], [-0.055915739229923565, -0.9983539605744396, 0.01275929119119337]], "fy": 2071.3932896281076, "fx": 2071.3932896281076}, {"id": 9, "img_name": "000136_0", "width": 1920, "height": 1280, "position": [-101.60842566855328, -0.7001342471580734, 2.6119646199711757], "rotation": [[0.09421176986040455, -0.017395322914466736, -0.99540019347018], [0.9939425986817776, -0.05518908995126161, 0.09503828110854377], [-0.05658845240404795, -0.9983243796938214, 0.012090490621220312]], "fy": 2071.3932896281076, "fx": 2071.3932896281076}, {"id": 10, "img_name": "000140_0", "width": 1920, "height": 1280, "position": [-112.2218140370889, 0.43901808602386583, 2.7583864473497823], "rotation": [[0.10505122959018821, -0.01829327002524568, -0.9942985444188144], [0.9928500780724981, -0.05505944951627632, 0.10591118680479109], [-0.05668299244944902, -0.9983154878547905, 0.012378411700522741]], "fy": 2071.3932896281076, "fx": 2071.3932896281076}, {"id": 11, "img_name": "000144_0", "width": 1920, "height": 1280, "position": [-122.77400608549726, 1.6889632350855623, 2.9077329086362402], "rotation": [[0.11771314650286502, -0.019380520654759287, -0.9928585048029478], [0.9915574087211418, -0.052459530071301774, 0.11858289469781573], [-0.05438308882925013, -0.9984349719054558, 0.013041722491345073]], "fy": 2071.3932896281076, "fx": 2071.3932896281076}, {"id": 12, "img_name": "000148_0", "width": 1920, "height": 1280, "position": [-133.24546934885802, 3.063587408308676, 3.0589142320785827], "rotation": [[0.12851623132872597, -0.020243541666243647, -0.991500770199332], [0.9901728483682567, -0.0529782998305559, 0.12942577062299837], [-0.05514806106613969, -0.9983904540648767, 0.013236033876299628]], "fy": 2071.3932896281076, "fx": 2071.3932896281076}, {"id": 13, "img_name": "000152_0", "width": 1920, "height": 1280, "position": [-143.62968768851067, 4.543855943424832, 3.218341375110262], "rotation": [[0.13949290580683732, -0.02156081849652965, -0.9899883132316889], [0.9887340796223191, -0.05177330146438523, 0.1404437433596922], [-0.05428304544671397, -0.9984260895836193, 0.014095907767589632]], "fy": 2071.3932896281076, "fx": 2071.3932896281076}, {"id": 14, "img_name": "000156_0", "width": 1920, "height": 1280, "position": [-153.94022093364077, 6.132980854519454, 3.381090695472846], "rotation": [[0.1509504651388709, -0.023961542651724812, -0.988250879862046], [0.9870502184993576, -0.05123502689782617, 0.15200933582892118], [-0.05427543859545737, -0.9983991268488416, 0.01591729476833723]], "fy": 2071.3932896281076, "fx": 2071.3932896281076}, {"id": 15, "img_name": "000160_0", "width": 1920, "height": 1280, "position": [-164.21216963148177, 7.83635150597128, 3.5715739330865555], "rotation": [[0.16149841556564312, -0.028767468686159803, -0.9864535947094409], [0.9853803691154276, -0.05025446527075037, 0.16278825781454595], [-0.05425670402568692, -0.9983220529797697, 0.02023088239615982]], "fy": 2071.3932896281076, "fx": 2071.3932896281076}, {"id": 16, "img_name": "000164_0", "width": 1920, "height": 1280, "position": [-174.51976346740153, 9.66136624892622, 3.785831514926707], "rotation": [[0.1725769483502092, -0.02727199122326768, -0.98461842121344], [0.9835524663334492, -0.04932806031469336, 0.1737564054502136], [-0.05330800003299951, -0.9984102267907256, 0.018310548112324267]], "fy": 2071.3932896281076, "fx": 2071.3932896281076}, {"id": 17, "img_name": "000168_0", "width": 1920, "height": 1280, "position": [-184.88252303513343, 11.615858437389313, 4.00181923813121], "rotation": [[0.18427536409390813, -0.029213098852830043, -0.9824404231521994], [0.9814178666787358, -0.04893264114272153, 0.18553858788553135], [-0.053493561779124586, -0.9983747750650616, 0.01965317689256792]], "fy": 2071.3932896281076, "fx": 2071.3932896281076}, {"id": 18, "img_name": "000172_0", "width": 1920, "height": 1280, "position": [-195.2881469248863, 13.709776167571654, 4.226600907678547], "rotation": [[0.19588092629100437, -0.03046991979228485, -0.9801541953709273], [0.9791361538646927, -0.04902959712633585, 0.19720165009625595], [-0.05406528378206358, -0.9983324509368015, 0.02023023717320203]], "fy": 2071.3932896281076, "fx": 2071.3932896281076}, {"id": 19, "img_name": "000176_0", "width": 1920, "height": 1280, "position": [-205.71079858506326, 15.931896691701896, 4.455540994499936], "rotation": [[0.2054698626317259, -0.03037291264151903, -0.9781920167982207], [0.9771474876641845, -0.04924453376168928, 0.20677950393152297], [-0.05445110560560368, -0.9983248279354094, 0.019560547693326383]], "fy": 2071.3932896281076, "fx": 2071.3932896281076}, {"id": 20, "img_name": "000180_0", "width": 1920, "height": 1280, "position": [-216.10320206134082, 18.2401528900416, 4.675295120741762], "rotation": [[0.2153328882736719, -0.028960803395599265, -0.9761111714832487], [0.9751001803643822, -0.04789576441741782, 0.2165309077342557], [-0.053022499762533835, -0.9984324051319413, 0.017926151326468305]], "fy": 2071.3932896281076, "fx": 2071.3932896281076}, {"id": 21, "img_name": "000184_0", "width": 1920, "height": 1280, "position": [-226.27030547411252, 20.606403552551445, 4.855066482447386], "rotation": [[0.22427970519374116, -0.026762182180686385, -0.9741572765437498], [0.9731731517822675, -0.046480012367587295, 0.2253300359483324], [-0.05130916573455853, -0.9985606611794983, 0.015619713710145885]], "fy": 2071.3932896281076, "fx": 2071.3932896281076}, {"id": 22, "img_name": "000188_0", "width": 1920, "height": 1280, "position": [-236.10127698787275, 22.997519455611734, 5.010452941066123], "rotation": [[0.23563620574708066, -0.0262840321574074, -0.9714858353031542], [0.9705851517559408, -0.044444750073865134, 0.2366202176099266], [-0.049396778559100865, -0.9986660171671111, 0.015038099067472423]], "fy": 2071.3932896281076, "fx": 2071.3932896281076}, {"id": 23, "img_name": "000192_0", "width": 1920, "height": 1280, "position": [-245.62455431310167, 25.440561080385358, 5.187936094130124], "rotation": [[0.24961423521651746, -0.03206148883718698, -0.9678144421896256], [0.9671342392266566, -0.04171686722378128, 0.25082078523222323], [-0.04841587438793994, -0.9986149227417824, 0.0205946397073336]], "fy": 2071.3932896281076, "fx": 2071.3932896281076}, {"id": 24, "img_name": "000196_0", "width": 1920, "height": 1280, "position": [-255.02693885744193, 28.001657710886132, 5.40395287327468], "rotation": [[0.2573957834276712, -0.03553824899400187, -0.9656523409240488], [0.9648143204555903, -0.04605468332114732, 0.258867327386069], [-0.053672504296639584, -0.998306565641351, 0.02243353025936946]], "fy": 2071.3932896281076, "fx": 2071.3932896281076}, {"id": 25, "img_name": "000096_0", "width": 1920, "height": 1280, "position": [4.929868487227379, -5.698689279280896, 1.4415839008144704], "rotation": [[-0.002312549989003476, -0.007129946210468329, -0.9999719075952006], [0.9997931703923302, -0.020221681836017205, -0.0021679530844361614], [-0.020205656371466495, -0.9997700972977532, 0.007175235176598419]], "fy": 2071.3932896281076, "fx": 2071.3932896281076}, {"id": 26, "img_name": "000097_0", "width": 1920, "height": 1280, "position": [2.2655963774586443, -5.690546051939328, 1.4648364898501172], "rotation": [[-0.001554685085497787, -0.00733815519784258, -0.9999718668205508], [0.9997828618743811, -0.020790959668392405, -0.0014018196529774984], [-0.020780087982420203, -0.9997569141918248, 0.007368885199487051]], "fy": 2071.3932896281076, "fx": 2071.3932896281076}, {"id": 27, "img_name": "000098_0", "width": 1920, "height": 1280, "position": [-0.40304872074610865, -5.678163077346659, 1.4881415195873475], "rotation": [[-0.000888737372487089, -0.006972397399270367, -0.9999752976050904], [0.9997505948267239, -0.022320640519940527, -0.0007329054453971687], [-0.02231497903864237, -0.9997265499531792, 0.006990495634696769]], "fy": 2071.3932896281076, "fx": 2071.3932896281076}, {"id": 28, "img_name": "000099_0", "width": 1920, "height": 1280, "position": [-3.0744027454683147, -5.661963038099325, 1.510019326830134], "rotation": [[-3.999266794015403e-05, -0.006996959021125218, -0.9999755201828907], [0.999713292664451, -0.02394402220067392, 0.0001275572629686088], [-0.02394432856833143, -0.9996888147645299, 0.006995910526976347]], "fy": 2071.3932896281076, "fx": 2071.3932896281076}, {"id": 29, "img_name": "000101_0", "width": 1920, "height": 1280, "position": [-8.423563377420875, -5.621616628736267, 1.5584520583785857], "rotation": [[0.002385182199520133, -0.008795950030853766, -0.9999584702221035], [0.9996478195512113, -0.026408134388776146, 0.002616735487918035], [-0.026430054339416014, -0.9996125457901972, 0.008729864057157729]], "fy": 2071.3932896281076, "fx": 2071.3932896281076}, {"id": 30, "img_name": "000102_0", "width": 1920, "height": 1280, "position": [-11.100441587327106, -5.596373663574809, 1.5851778702952866], "rotation": [[0.004097021545339903, -0.008757015983190336, -0.9999532634506112], [0.9996005426125998, -0.02792701825628165, 0.00434014514845847], [-0.027963719764248045, -0.9995716064006538, 0.008639100332971182]], "fy": 2071.3932896281076, "fx": 2071.3932896281076}, {"id": 31, "img_name": "000103_0", "width": 1920, "height": 1280, "position": [-13.77950878806974, -5.566539890836336, 1.6118986864869096], "rotation": [[0.00571317648761985, -0.008720511243865503, -0.9999456546723261], [0.9995485318374853, -0.029446882666792466, 0.005967713359059375], [-0.02949732387775281, -0.9995283056446448, 0.008548338972992425]], "fy": 2071.3932896281076, "fx": 2071.3932896281076}, {"id": 32, "img_name": "000105_0", "width": 1920, "height": 1280, "position": [-19.14253703663473, -5.490183193587203, 1.6670581724233051], "rotation": [[0.009289562997315733, -0.009826996234071475, -0.999908562901796], [0.9994203441326224, -0.0326603782215466, 0.009606010007085818], [-0.032751790075499845, -0.9994181956715824, 0.00951789931704048]], "fy": 2071.3932896281076, "fx": 2071.3932896281076}, {"id": 33, "img_name": "000106_0", "width": 1920, "height": 1280, "position": [-21.82402470780021, -5.445756709863747, 1.6958215698736372], "rotation": [[0.01126894378517441, -0.010484325451303, -0.9998815378962637], [0.9993617154158446, -0.03378165160098673, 0.011617305032137749], [-0.03389944936229439, -0.9993742436819856, 0.010096949935130302]], "fy": 2071.3932896281076, "fx": 2071.3932896281076}, {"id": 34, "img_name": "000107_0", "width": 1920, "height": 1280, "position": [-24.503520761797425, -5.394342756368742, 1.7272225647078905], "rotation": [[0.013724475246829742, -0.010982713290692916, -0.999845497458469], [0.9992676494975853, -0.03556895051670168, 0.01410724731162678], [-0.035718390875991754, -0.9993068746725978, 0.010486504914174416]], "fy": 2071.3932896281076, "fx": 2071.3932896281076}, {"id": 35, "img_name": "000109_0", "width": 1920, "height": 1280, "position": [-29.857602206870624, -5.271326318211995, 1.7873810412170954], "rotation": [[0.01910891132227772, -0.009622565159789877, -0.9997711016766903], [0.9990497023773321, -0.038994796947991246, 0.019470438894618296], [-0.03917322667130523, -0.999193080465798, 0.008868272742085171]], "fy": 2071.3932896281076, "fx": 2071.3932896281076}, {"id": 36, "img_name": "000110_0", "width": 1920, "height": 1280, "position": [-32.53272746939041, -5.198833470238119, 1.8118738872234368], "rotation": [[0.02183602539142319, -0.008233511409835512, -0.9997276615583712], [0.9989323096917223, -0.04054017720364671, 0.022152532276422734], [-0.040711529682218375, -0.9991439852804804, 0.007339484230708511]], "fy": 2071.3932896281076, "fx": 2071.3932896281076}, {"id": 37, "img_name": "000111_0", "width": 1920, "height": 1280, "position": [-35.20495163805978, -5.117145740371969, 1.8350489093848812], "rotation": [[0.02457826595798344, -0.00869760247749346, -0.999660072501469], [0.9987722998149651, -0.042807053933243765, 0.024928883967831324], [-0.0430093241614405, -0.9990454983856842, 0.0076348012728734765]], "fy": 2071.3932896281076, "fx": 2071.3932896281076}, {"id": 38, "img_name": "000113_0", "width": 1920, "height": 1280, "position": [-40.5387314192518, -4.9293893825888295, 1.8829354430358758], "rotation": [[0.0292527258626125, -0.01014622492137782, -0.9995205511391207], [0.9983777984387445, -0.04856902540638807, 0.02971230983413659], [-0.04884720682099378, -0.9987682933948786, 0.008708989313842175]], "fy": 2071.3932896281076, "fx": 2071.3932896281076}, {"id": 39, "img_name": "000114_0", "width": 1920, "height": 1280, "position": [-43.20062824919951, -4.8261544236000775, 1.9098890315676555], "rotation": [[0.03139628699207695, -0.011075411064853763, -0.9994456505647797], [0.9982318605048299, -0.050146369762435083, 0.03191385706421293], [-0.05047203023633008, -0.9986804678521523, 0.009481418376452527]], "fy": 2071.3932896281076, "fx": 2071.3932896281076}, {"id": 40, "img_name": "000115_0", "width": 1920, "height": 1280, "position": [-45.86173149432609, -4.718966328560235, 1.9392920242569265], "rotation": [[0.03365616268505801, -0.011623082075743477, -0.9993658822855508], [0.9980896199214598, -0.05144591766410562, 0.0342115208772427], [-0.05181093821147091, -0.9986081421252075, 0.009869405396909498]], "fy": 2071.3932896281076, "fx": 2071.3932896281076}, {"id": 41, "img_name": "000117_0", "width": 1920, "height": 1280, "position": [-51.17692134840944, -4.486438068060019, 1.9937942268320514], "rotation": [[0.03835393965648399, -0.0111992331720973, -0.9992014574094574], [0.9977928407403971, -0.053814505158181224, 0.03890303332374674], [-0.05420721612511797, -0.9984881452530808, 0.00911051639742062]], "fy": 2071.3932896281076, "fx": 2071.3932896281076}, {"id": 42, "img_name": "000118_0", "width": 1920, "height": 1280, "position": [-53.83198759654843, -4.362014954234197, 2.0217672086286735], "rotation": [[0.04093413938351825, -0.011346974060998972, -0.9990974138754386], [0.9976798990626724, -0.053976612412237564, 0.041489086743323335], [-0.054398669461914496, -0.9984777270886712, 0.009111161759911545]], "fy": 2071.3932896281076, "fx": 2071.3932896281076}, {"id": 43, "img_name": "000119_0", "width": 1920, "height": 1280, "position": [-56.48450709495221, -4.230972973570756, 2.0481155439586445], "rotation": [[0.04391395631280219, -0.011147502802080983, -0.9989731215714638], [0.9975268843179768, -0.05443907912142112, 0.04445786462799933], [-0.05487877097591712, -0.9984548662036202, 0.008729298395838483]], "fy": 2071.3932896281076, "fx": 2071.3932896281076}, {"id": 44, "img_name": "000121_0", "width": 1920, "height": 1280, "position": [-61.78461597650913, -3.9476074844886724, 2.1011777442341186], "rotation": [[0.04980960922717171, -0.012124729135033959, -0.9986851324476792], [0.9972657835110043, -0.054049050137141307, 0.05039501183108658], [-0.05458900866309098, -0.9984646669375312, 0.009399415434277523]], "fy": 2071.3932896281076, "fx": 2071.3932896281076}, {"id": 45, "img_name": "000122_0", "width": 1920, "height": 1280, "position": [-64.43319019931026, -3.7947684939769677, 2.130007328825097], "rotation": [[0.052986940109825804, -0.012055990569666542, -0.9985224270236405], [0.9971487671328123, -0.0531610883604569, 0.053555904341579426], [-0.05372820845059368, -0.9985131705569614, 0.009204772727979113]], "fy": 2071.3932896281076, "fx": 2071.3932896281076}, {"id": 46, "img_name": "000123_0", "width": 1920, "height": 1280, "position": [-67.08068618870426, -3.6334708558720084, 2.157379069851941], "rotation": [[0.05642585466752306, -0.01239616506504694, -0.9983298342815964], [0.9969909090174768, -0.05253421183235594, 0.057002490504001274], [-0.05315308327411656, -0.9985421832245414, 0.009394576074606448]], "fy": 2071.3932896281076, "fx": 2071.3932896281076}, {"id": 47, "img_name": "000125_0", "width": 1920, "height": 1280, "position": [-72.37737235444902, -3.282803035779476, 2.222503682958247], "rotation": [[0.06339868615359016, -0.014742415591153293, -0.9978793853850958], [0.9965976323268743, -0.051831730175554196, 0.06408300076835537], [-0.05266655328068343, -0.9985470108760759, 0.011406192878724632]], "fy": 2071.3932896281076, "fx": 2071.3932896281076}, {"id": 48, "img_name": "000126_0", "width": 1920, "height": 1280, "position": [-75.02893013058616, -3.09401408844338, 2.255945943545049], "rotation": [[0.06726517063998247, -0.014375710121512533, -0.9976315631420631], [0.9964090434522248, -0.05056736611613575, 0.0679114100184918], [-0.05142387524678654, -0.9986171841314263, 0.010922665060506423]], "fy": 2071.3932896281076, "fx": 2071.3932896281076}, {"id": 49, "img_name": "000127_0", "width": 1920, "height": 1280, "position": [-77.68320508546681, -2.8971510922178174, 2.289301301816475], "rotation": [[0.07097520124792185, -0.01522168844507022, -0.9973619307997965], [0.9962248979162865, -0.04902354142600281, 0.07164248151577232], [-0.04998473346434675, -0.9986816272401, 0.011684769298707213]], "fy": 2071.3932896281076, "fx": 2071.3932896281076}, {"id": 50, "img_name": "000129_0", "width": 1920, "height": 1280, "position": [-82.99442791006291, -2.468362588678846, 2.359130605486547], "rotation": [[0.07794728034614115, -0.015484566882191481, -0.9968372232591994], [0.9956939944442362, -0.049114526272094595, 0.07862081617961704], [-0.05017659727723153, -0.9986731154374481, 0.011589546502769296]], "fy": 2071.3932896281076, "fx": 2071.3932896281076}, {"id": 51, "img_name": "000130_0", "width": 1920, "height": 1280, "position": [-85.65166622882528, -2.2364569280384208, 2.3935623793191527], "rotation": [[0.08083079382654973, -0.016784714859376722, -0.9965865020741848], [0.9954007591454348, -0.05021915359591128, 0.08158042231321559], [-0.051417034745910306, -0.9985971710150194, 0.012648263862608304]], "fy": 2071.3932896281076, "fx": 2071.3932896281076}, {"id": 52, "img_name": "000131_0", "width": 1920, "height": 1280, "position": [-88.31018101049679, -1.9944990501644686, 2.4305769701835787], "rotation": [[0.08326426655922146, -0.01727486036642678, -0.9963777602464213], [0.9950942956131107, -0.05216342906457449, 0.08406140319119598], [-0.05342662962046763, -0.9984891365796353, 0.012846765345868526]], "fy": 2071.3932896281076, "fx": 2071.3932896281076}, {"id": 53, "img_name": "000133_0", "width": 1920, "height": 1280, "position": [-93.62858295070185, -1.488022985862829, 2.5045802532918415], "rotation": [[0.08736218105293314, -0.018241191470506513, -0.9960095924515038], [0.9945189328042594, -0.05605888300351582, 0.08825810971392385], [-0.05744511829173498, -0.9982608179078927, 0.013243783987747951]], "fy": 2071.3932896281076, "fx": 2071.3932896281076}, {"id": 54, "img_name": "000134_0", "width": 1920, "height": 1280, "position": [-96.2888353497243, -1.2288501142232302, 2.541404949585528], "rotation": [[0.08940621001890654, -0.017600601002689373, -0.9958397202634565], [0.9943315447970101, -0.056189034523018086, 0.09026389876890092], [-0.05754397128845459, -0.998265000510243, 0.012477184163035384]], "fy": 2071.3932896281076, "fx": 2071.3932896281076}, {"id": 55, "img_name": "000135_0", "width": 1920, "height": 1280, "position": [-98.94906983609154, -0.9665189893090957, 2.577181823990245], "rotation": [[0.09175389185253748, -0.016817783573960847, -0.9956396865762092], [0.9941505293250321, -0.055659316493792084, 0.0925568232503811], [-0.056973225050643436, -0.9983081701774774, 0.011612449535969448]], "fy": 2071.3932896281076, "fx": 2071.3932896281076}, {"id": 56, "img_name": "000137_0", "width": 1920, "height": 1280, "position": [-104.26554827986845, -0.42611129998059005, 2.648388650639495], "rotation": [[0.09672670749381335, -0.01850954360609115, -0.9951388550613932], [0.9936903111151997, -0.05523770046375758, 0.09761332922943464], [-0.05677596016963585, -0.9983016544326522, 0.013049793249148308]], "fy": 2071.3932896281076, "fx": 2071.3932896281076}, {"id": 57, "img_name": "000138_0", "width": 1920, "height": 1280, "position": [-106.9201431461383, -0.14345488771558698, 2.686130812805495], "rotation": [[0.09928854915487002, -0.018635936074479456, -0.9948841570219865], [0.9933935279563698, -0.055961198284786295, 0.10018803771373104], [-0.05754200744776048, -0.9982590075592399, 0.012956512097132099]], "fy": 2071.3932896281076, "fx": 2071.3932896281076}, {"id": 58, "img_name": "000139_0", "width": 1920, "height": 1280, "position": [-109.57216328941391, 0.14473626835128733, 2.723086092757651], "rotation": [[0.1021800448846432, -0.01815089178632015, -0.9946003134700558], [0.9930890060283739, -0.05616901180680303, 0.10304983366422442], [-0.0577361631297872, -0.9982562733286522, 0.012286098935060058]], "fy": 2071.3932896281076, "fx": 2071.3932896281076}, {"id": 59, "img_name": "000141_0", "width": 1920, "height": 1280, "position": [-114.86697400409011, 0.7389615056464516, 2.795421473387521], "rotation": [[0.10841248781994485, -0.018243650099107018, -0.993938580454422], [0.9925589341344382, -0.05377194259992586, 0.10924898378904292], [-0.055439108529977306, -0.9983865721353087, 0.012278347824922058]], "fy": 2071.3932896281076, "fx": 2071.3932896281076}, {"id": 60, "img_name": "000142_0", "width": 1920, "height": 1280, "position": [-117.50824879147746, 1.0464332283659978, 2.832256839718909], "rotation": [[0.11173162975589841, -0.018811150085208974, -0.9935603572730559], [0.9922333791310471, -0.0528942088282489, 0.1125838532411162], [-0.0546714207815604, -0.9984229280745237, 0.012755094857359107]], "fy": 2071.3932896281076, "fx": 2071.3932896281076}, {"id": 61, "img_name": "000143_0", "width": 1920, "height": 1280, "position": [-120.14409509624399, 1.363314228990817, 2.8697193710900017], "rotation": [[0.11495374229530064, -0.019245919688954487, -0.9931843895811248], [0.9918758472636817, -0.05260827183001375, 0.11582173090579095], [-0.05447881007565866, -0.9984297493115808, 0.013042045175301971]], "fy": 2071.3932896281076, "fx": 2071.3932896281076}, {"id": 62, "img_name": "000145_0", "width": 1920, "height": 1280, "position": [-125.39888926970237, 2.0232824286999187, 2.9444926247356613], "rotation": [[0.12036550670791957, -0.019509266488382627, -0.992537925379192], [0.9912019244119907, -0.05308419791900296, 0.12124690912869872], [-0.05505351793403014, -0.9983994473417851, 0.012948116106446932]], "fy": 2071.3932896281076, "fx": 2071.3932896281076}, {"id": 63, "img_name": "000146_0", "width": 1920, "height": 1280, "position": [-128.01962072392215, 2.364356945975984, 2.981845574982448], "rotation": [[0.1228080451117604, -0.019998896150980088, -0.9922289192563227], [0.9908702545304257, -0.053568668241167385, 0.1237195880597623], [-0.05562663698838323, -0.9983638825276134, 0.013237647893510973]], "fy": 2071.3932896281076, "fx": 2071.3932896281076}, {"id": 64, "img_name": "000147_0", "width": 1920, "height": 1280, "position": [-130.6354227004039, 2.710785719830416, 3.02104559420303], "rotation": [[0.12556542709750004, -0.020193255043730516, -0.9918798092352528], [0.990546057434728, -0.053120732348212074, 0.12647804511181387], [-0.055243385290356814, -0.9983839042400116, 0.013332221725305963]], "fy": 2071.3932896281076, "fx": 2071.3932896281076}, {"id": 65, "img_name": "000149_0", "width": 1920, "height": 1280, "position": [-135.84923054657938, 3.4239302443648514, 3.0968880657884132], "rotation": [[0.1313205479700416, -0.02109838891471036, -0.9911154179337801], [0.9897889460478029, -0.05311353775348613, 0.13227544892718623], [-0.0554324450338217, -0.9983655693645052, 0.013908053244782517]], "fy": 2071.3932896281076, "fx": 2071.3932896281076}, {"id": 66, "img_name": "000150_0", "width": 1920, "height": 1280, "position": [-138.44722567484672, 3.7917379522217107, 3.137584933973717], "rotation": [[0.1340410747032306, -0.02174627950890212, -0.9907371445645529], [0.9894135618112091, -0.053178081460619454, 0.13502923889374677], [-0.05562188415057304, -0.998348231319958, 0.014388016675407575]], "fy": 2071.3932896281076, "fx": 2071.3932896281076}, {"id": 67, "img_name": "000151_0", "width": 1920, "height": 1280, "position": [-141.0407920251511, 4.165404307523154, 3.1780467142179822], "rotation": [[0.13672449301555265, -0.021469667585109122, -0.9903764266093092], [0.9890623351319812, -0.052889169682369605, 0.13768962543918228], [-0.05533633736445607, -0.9983695653935444, 0.014003594645399901]], "fy": 2071.3932896281076, "fx": 2071.3932896281076}, {"id": 68, "img_name": "000153_0", "width": 1920, "height": 1280, "position": [-146.2146562326064, 4.9284509327143, 3.258765221553252], "rotation": [[0.1424430070135143, -0.021764299568408887, -0.9895636942699768], [0.988365535075045, -0.05073379960689, 0.14338636843601435], [-0.053325030040014446, -0.9984750356627575, 0.014284408615237554]], "fy": 2071.3932896281076, "fx": 2071.3932896281076}, {"id": 69, "img_name": "000154_0", "width": 1920, "height": 1280, "position": [-148.79511414182636, 5.322475604375995, 3.298223456477876], "rotation": [[0.14547198114448565, -0.02174997929443471, -0.9891232689117114], [0.9878825630582563, -0.05146713407371594, 0.1464212269983018], [-0.05409199855199004, -0.9984378160461118, 0.013999399334317842]], "fy": 2071.3932896281076, "fx": 2071.3932896281076}, {"id": 70, "img_name": "000155_0", "width": 1920, "height": 1280, "position": [-151.3687005823036, 5.724768404998365, 3.3376945509216767], "rotation": [[0.14836865858870973, -0.022397550964454033, -0.9886784567590119], [0.9874095107980848, -0.05210076360943129, 0.14935852308054157], [-0.05485616769401063, -0.9983906350432724, 0.01438543443270794]], "fy": 2071.3932896281076, "fx": 2071.3932896281076}, {"id": 71, "img_name": "000157_0", "width": 1920, "height": 1280, "position": [-156.5090839806772, 6.547745496217031, 3.426289076012339], "rotation": [[0.15369878032699746, -0.02413822439544007, -0.9878228743297194], [0.9866470086550033, -0.050774907195707375, 0.15475654787892254], [-0.05389216304925351, -0.998418376695012, 0.01601186558680746]], "fy": 2071.3932896281076, "fx": 2071.3932896281076}, {"id": 72, "img_name": "000158_0", "width": 1920, "height": 1280, "position": [-159.07694888048508, 6.9699565699429495, 3.47055112840978], "rotation": [[0.15652083319026586, -0.024503751014099736, -0.9873706472058321], [0.9861928214429666, -0.050863455097188544, 0.15759640817587742], [-0.05408278572509396, -0.9984049654933689, 0.01620423297778334]], "fy": 2071.3932896281076, "fx": 2071.3932896281076}, {"id": 73, "img_name": "000159_0", "width": 1920, "height": 1280, "position": [-161.6441810296205, 7.3994943678259615, 3.5178684022742983], "rotation": [[0.1590499165868253, -0.026812078592982853, -0.9869063970180998], [0.9857886189172661, -0.050437347796591044, 0.1602400473053944], [-0.054073309931178, -0.9983672602748798, 0.018408985966569247]], "fy": 2071.3932896281076, "fx": 2071.3932896281076}, {"id": 74, "img_name": "000161_0", "width": 1920, "height": 1280, "position": [-166.78205475033658, 8.282657883934984, 3.6280342838551327], "rotation": [[0.16404077520510862, -0.02874274581542771, -0.9860347248617044], [0.9849177742348313, -0.05098328824419798, 0.16534110897207543], [-0.05502365006443801, -0.9982858102180954, 0.019945903107844824]], "fy": 2071.3932896281076, "fx": 2071.3932896281076}, {"id": 75, "img_name": "000162_0", "width": 1920, "height": 1280, "position": [-169.35701961318733, 8.736479663098843, 3.681671736873036], "rotation": [[0.16671665254223775, -0.0281123194676215, -0.985604005297899], [0.9844412836154361, -0.051525185869660574, 0.16798962567578207], [-0.055506007591099915, -0.9982759401664689, 0.019084821352306106]], "fy": 2071.3932896281076, "fx": 2071.3932896281076}, {"id": 76, "img_name": "000163_0", "width": 1920, "height": 1280, "position": [-171.9361759389374, 9.195949131658482, 3.7339448116043363], "rotation": [[0.16960683988491695, -0.027529227940615762, -0.9851272311093862], [0.9840008427430453, -0.05060130316120402, 0.17082695805804385], [-0.05455145594050544, -0.9983394461441366, 0.018506456370400822]], "fy": 2071.3932896281076, "fx": 2071.3932896281076}, {"id": 77, "img_name": "000165_0", "width": 1920, "height": 1280, "position": [-177.105735430703, 10.134835385827149, 3.8367670150395634], "rotation": [[0.17552099999044124, -0.027221500264671745, -0.9840992675973781], [0.9830623040941295, -0.04869886336765467, 0.1766831258944673], [-0.05273409553123302, -0.998442492400058, 0.018212757574398542]], "fy": 2071.3932896281076, "fx": 2071.3932896281076}, {"id": 78, "img_name": "000166_0", "width": 1920, "height": 1280, "position": [-179.69502344341737, 10.619193007316909, 3.889611467678699], "rotation": [[0.17837162045704935, -0.02862434376815156, -0.9835467512830127], [0.9825390716296654, -0.04857837091854427, 0.17960265755276494], [-0.05292010711101936, -0.9984091289760642, 0.019459533412063686]], "fy": 2071.3932896281076, "fx": 2071.3932896281076}, {"id": 79, "img_name": "000167_0", "width": 1920, "height": 1280, "position": [-182.28638469065422, 11.113810845605785, 3.9456412235423284], "rotation": [[0.18122434709396473, -0.02968018960007894, -0.9829938058633276], [0.9819702878583623, -0.04919755554149712, 0.18252110642910999], [-0.053778153405740874, -0.9983479788500826, 0.0202292694436534]], "fy": 2071.3932896281076, "fx": 2071.3932896281076}, {"id": 80, "img_name": "000169_0", "width": 1920, "height": 1280, "position": [-187.48203206369374, 12.124385555320615, 4.056834303586701], "rotation": [[0.18751377516908005, -0.02905908676414203, -0.98183203940301], [0.9808662222659472, -0.04772782327120403, 0.18874191082937183], [-0.05234537362145337, -0.9984375916211423, 0.019553452334656236]], "fy": 2071.3932896281076, "fx": 2071.3932896281076}, {"id": 81, "img_name": "000170_0", "width": 1920, "height": 1280, "position": [-190.08283612279766, 12.642672787723638, 4.112473830322813], "rotation": [[0.19066748792620836, -0.029795453283757694, -0.9812023950294481], [0.980227340727482, -0.04810289102519294, 0.19193872033893578], [-0.05291757305696283, -0.9983978880379475, 0.020034660544346012]], "fy": 2071.3932896281076, "fx": 2071.3932896281076}, {"id": 82, "img_name": "000171_0", "width": 1920, "height": 1280, "position": [-192.68532550612684, 13.171865681129283, 4.169058603443869], "rotation": [[0.19352446514411356, -0.030596038274801965, -0.9806182559143853], [0.9796152439688636, -0.04885786711868261, 0.1948509240533302], [-0.053872582771835584, -0.9983370128681498, 0.020517152896825597]], "fy": 2071.3932896281076, "fx": 2071.3932896281076}, {"id": 83, "img_name": "000173_0", "width": 1920, "height": 1280, "position": [-197.8915523919761, 14.256679608082283, 4.284183160699084], "rotation": [[0.1983580909181548, -0.031258603875829474, -0.9796310363861687], [0.9785841016137947, -0.04979097049394427, 0.19973486257034215], [-0.055020212976935344, -0.9982703836842031, 0.0207127309393891]], "fy": 2071.3932896281076, "fx": 2071.3932896281076}, {"id": 84, "img_name": "000174_0", "width": 1920, "height": 1280, "position": [-200.49679959588815, 14.810774936025101, 4.342476076551984], "rotation": [[0.2007493911537929, -0.031859178463604775, -0.9791244429075426], [0.978042114436922, -0.05059095495618333, 0.20217363246570072], [-0.05597592642499357, -0.9982111740630065, 0.021003514863424493]], "fy": 2071.3932896281076, "fx": 2071.3932896281076}, {"id": 85, "img_name": "000175_0", "width": 1920, "height": 1280, "position": [-203.10365334461437, 15.368837568295758, 4.399808264551759], "rotation": [[0.20316862279646222, -0.03077785416549416, -0.9786599176445085], [0.9775639822687686, -0.0503785300296752, 0.20452546120929746], [-0.05559830286812353, -0.9982558426600953, 0.019851985119068553]], "fy": 2071.3932896281076, "fx": 2071.3932896281076}, {"id": 86, "img_name": "000177_0", "width": 1920, "height": 1280, "position": [-208.31686486837407, 16.49926475028347, 4.512367328371273], "rotation": [[0.20781063542487702, -0.030796652010161487, -0.9776841545352332], [0.9766948570977982, -0.04832135301524309, 0.20912245924694017], [-0.053683292773643664, -0.9983569567382906, 0.020037240559467828]], "fy": 2071.3932896281076, "fx": 2071.3932896281076}, {"id": 87, "img_name": "000178_0", "width": 1920, "height": 1280, "position": [-210.91893666091775, 17.07445862710196, 4.568845902639181], "rotation": [[0.21018337238210394, -0.030456616154822272, -0.9771874664088174], [0.976207883996007, -0.04795553918981519, 0.2114673343215278], [-0.053302131271878495, -0.9983850263267233, 0.01965253185886014]], "fy": 2071.3932896281076, "fx": 2071.3932896281076}, {"id": 88, "img_name": "000179_0", "width": 1920, "height": 1280, "position": [-213.5160466892739, 17.655003942331067, 4.623604481254766], "rotation": [[0.21276644305708792, -0.02965693659243282, -0.9766529101071615], [0.9756687923677446, -0.0476898708388463, 0.2140001958387917], [-0.052923041376153154, -0.9984218258488378, 0.01878854332223243]], "fy": 2071.3932896281076, "fx": 2071.3932896281076}, {"id": 89, "img_name": "000181_0", "width": 1920, "height": 1280, "position": [-218.67379759955335, 18.830402684044234, 4.724249225413522], "rotation": [[0.2173595509102167, -0.02779271315386696, -0.9756958494959662], [0.9746396723896154, -0.0483213652877187, 0.21850069716363352], [-0.05321968275339443, -0.998445096513713, 0.016584770584796384]], "fy": 2071.3932896281076, "fx": 2071.3932896281076}, {"id": 90, "img_name": "000182_0", "width": 1920, "height": 1280, "position": [-221.2264916975037, 19.421788971560584, 4.768568314103304], "rotation": [[0.21929838397002138, -0.026680383233856027, -0.9752929692859639], [0.9742258367410073, -0.04815160504754922, 0.2203756836804584], [-0.05284162955872695, -0.9984836403676527, 0.015433149508083856]], "fy": 2071.3932896281076, "fx": 2071.3932896281076}, {"id": 91, "img_name": "000183_0", "width": 1920, "height": 1280, "position": [-223.75980661551367, 20.01409063570467, 4.811831082554469], "rotation": [[0.22155893054086395, -0.026690432954250852, -0.9747816479018792], [0.9737606240418267, -0.04722889199426853, 0.22262003240199654], [-0.0519796822158516, -0.9985274420614133, 0.015526109848597737]], "fy": 2071.3932896281076, "fx": 2071.3932896281076}, {"id": 92, "img_name": "000185_0", "width": 1920, "height": 1280, "position": [-228.7612026794768, 21.19995996754179, 4.8969169525554666], "rotation": [[0.2271877988489338, -0.025118431383362734, -0.9735269736679183], [0.972562908313315, -0.04554616061151376, 0.2281379771688543], [-0.05007088402777499, -0.998646389698771, 0.014081722703121888]], "fy": 2071.3932896281076, "fx": 2071.3932896281076}, {"id": 93, "img_name": "000186_0", "width": 1920, "height": 1280, "position": [-231.23020320769672, 21.795664806731402, 4.934277516058634], "rotation": [[0.23005956917391032, -0.023953446787888612, -0.9728817127577711], [0.9719265205129652, -0.044997987742298164, 0.23094159396415573], [-0.04930956656751081, -0.9986998615630844, 0.01292877251715902]], "fy": 2071.3932896281076, "fx": 2071.3932896281076}, {"id": 94, "img_name": "000187_0", "width": 1920, "height": 1280, "position": [-233.67735223920812, 22.395317423674268, 4.9708350861428245], "rotation": [[0.2327959739280179, -0.02517387235134228, -0.9721997277688076], [0.9712603215818298, -0.04495839875136247, 0.23373517087180995], [-0.0495925623825422, -0.9986716269788343, 0.013984249131857026]], "fy": 2071.3932896281076, "fx": 2071.3932896281076}, {"id": 95, "img_name": "000189_0", "width": 1920, "height": 1280, "position": [-238.50294602003325, 23.602442399689025, 5.0514027123416785], "rotation": [[0.238323231929967, -0.026500127968216807, -0.9708242788167811], [0.9699092812101449, -0.04474315290393548, 0.23931994586877917], [-0.04977974834082148, -0.9986469814132937, 0.015039387262827426]], "fy": 2071.3932896281076, "fx": 2071.3932896281076}, {"id": 96, "img_name": "000190_0", "width": 1920, "height": 1280, "position": [-240.885922688264, 24.210649183789396, 5.091194575948111], "rotation": [[0.2413463557310476, -0.02733908067579689, -0.9700538702789372], [0.9691318959504412, -0.04507498536523628, 0.24238732216398406], [-0.05035181056174543, -0.9986094433571744, 0.015616491636347023]], "fy": 2071.3932896281076, "fx": 2071.3932896281076}, {"id": 97, "img_name": "000191_0", "width": 1920, "height": 1280, "position": [-243.2605294023035, 24.823226104514326, 5.136043270709904], "rotation": [[0.24539234179598346, -0.030425620865474488, -0.9689462731146828], [0.9681506374800065, -0.04351805484734326, 0.2465573402869214], [-0.049668317214703266, -0.9985892351198536, 0.018777586847238497]], "fy": 2071.3932896281076, "fx": 2071.3932896281076}, {"id": 98, "img_name": "000193_0", "width": 1920, "height": 1280, "position": [-247.9833917050179, 26.06651139804386, 5.242034056805956], "rotation": [[0.2533470795840914, -0.03202449278905423, -0.9668452250116438], [0.9662011895419336, -0.04085319576590667, 0.25453148670344355], [-0.0476499590132544